0 -5.1137000110973515e-09 -5.016539710886502 0.19901424375692328 -3.0434254326570344e-06 0.006 0.006 0.006 0.003 10.0 100230.08014908295 09/11/2015
0.51 -6.033518449017544e-09 -5.9188815984862115 0.19994230505951127 -3.519144511555993e-06 0.005127170943018994 0.006042825724758414 0.00869394201932689 0.003 10.0 95075.4767419052 09/11/2015
0.34 -1.8327522993821527e-08 -17.979300056938914 0.29972214751356163 -9.763699523050743e-06 0.00497082305898034 0.005609810063312229 0.007733422192602466 0.003 10.0 44689.763016540746 09/11/2015
0.68 -6.8788381615451075e-09 -6.748140236475749 0.19963655358528162 -4.0244692269021995e-06 0.005589416861046318 0.006671616127957348 0.009662619126957681 0.003 10.0 93822.06616355781 09/11/2015
0.34 -7.269193887781222e-08 -71.31079203913377 0.400312572966254 -3.0158055927734596e-05 0.004995294901699434 0.005619326891036321 0.007729343552149284 0.003 10.0 0.0 09/11/2015
0.51 -2.082381234222337e-08 -20.428159907721128 0.30002100484185795 -1.0957176096026755e-05 0.005143485504831723 0.006063218927024325 0.008698020659780073 0.003 10.0 41134.32328534656 09/11/2015
0.51 -8.313430459585012e-08 -81.55475280852899 0.40026231035741183 -3.368590990267836e-05 0.005169996667777408 0.006069336887704099 0.008687824058647119 0.003 10.0 0.0 09/11/2015
0.68 -9.88421461581531e-08 -96.9641453811482 0.39585816254984135 -3.9388682919406175e-05 0.005589416861046318 0.0066688970343218934 0.009662619126957681 0.003 10.0 0.0 09/11/2015
0.51 -4.183745862315103e-08 -41.04254690931115 0.34966026185221716 -1.9534568055117874e-05 0.005159800066644452 0.006067297567477507 0.00869394201932689 0.003 10.0 16019.781378129595 09/11/2015
0.68 -5.0961018118825826e-08 -49.99275877456813 0.34984078399439617 -2.376112373894492e-05 0.005600293235588138 0.006682492502499168 0.009665338220593135 0.003 10.0 13086.08485498887 09/11/2015
0.51 -6.140548297212698e-09 -6.023877879565656 0.19960873924484396 -3.7633892481962887e-06 0.005163878707097634 0.006057100966344552 0.00868986337887371 0.003 10.0 95528.55750200393 09/11/2015
0.68 -1.3048204512759752e-08 -12.800288627017316 0.2495479763569294 -7.129882092866604e-06 0.005589416861046318 0.006658020659780073 0.0096734955014995 0.003 10.0 65460.62346752572 09/11/2015
0.51 -4.070264423822377e-08 -39.92929399769751 0.34964577228530663 -1.893472637323721e-05 0.005145524825058314 0.006063218927024325 0.008687824058647119 0.003 10.0 15745.339357781657 09/11/2015
0.68 -5.0199529115887995e-08 -49.245738062686115 0.3499305651496288 -2.4329590783289318e-05 0.005589416861046318 0.006674335221592802 0.00965718093968677 0.003 10.0 14145.114309176019 09/11/2015
0.17 -3.33022700705333e-08 -32.66952693919317 0.34956115173282004 -1.579835545987156e-05 0.005304591802732423 0.0055846584471842715 0.006808930356547818 0.003 10.0 22573.80980365874 09/11/2015
0.34 -1.003414814350521e-08 -9.843499328778613 0.24946722126621462 -5.4864313449284335e-06 0.005003452182605799 0.005643798733755415 0.007730703098967012 0.003 10.0 70138.8464451255 09/11/2015
0.68 -2.5152106132202947e-08 -24.674216115691088 0.2995531724185625 -1.3256867584408442e-05 0.005608450516494502 0.0066770543152282575 0.009670776407864045 0.003 10.0 38464.28143271588 09/11/2015
0.0 -8.907335526308968e-09 -8.738096151309097 0.2489030713059133 -5.089761609582139e-06 0.006 0.006 0.006 0.003 10.0 74112.64116452071 09/11/2015
0 -1.6200956097398585e-08 -15.893137931548008 0.29902036074754784 -8.590162732739899e-06 0.006 0.006 0.006 0.003 10.0 48306.94831591635 09/11/2015
0.68 -1.3114126017092478e-08 -12.86495762276772 0.24995699393261464 -7.46414054938346e-06 0.005589416861046318 0.006671616127957348 0.009662619126957681 0.003 10.0 66151.38232952586 09/11/2015
0 -6.163063259722078e-08 -60.45965057787359 0.4000069650593092 -2.6504455092163643e-05 0.006 0.006 0.006 0.003 10.0 2848.801640276311 09/11/2015
0.17 -6.49961411772938e-08 -63.76121449492521 0.40005326365619853 -2.7964245818127642e-05 0.005307990669776741 0.005577860713095635 0.0068102899033655444 0.003 10.0 1615.2230988324643 09/11/2015
0.0 -3.172344842395488e-08 -31.120702903899733 0.3500235660019654 -1.5455423602366766e-05 0.006 0.006 0.006 0.003 10.0 24652.71893397959 09/11/2015
0 -1.6694610714602323e-08 -16.37741311102488 0.30003584837059705 -8.570690594007807e-06 0.006 0.006 0.006 0.003 10.0 48463.74236856708 09/11/2015
0.17 -1.7082247558540288e-08 -16.75768485492802 0.2999983741235165 -8.72057358046487e-06 0.00530051316227924 0.005579220259913362 0.006812329223592136 0.003 10.0 47084.06308463707 09/11/2015
0.34 -6.964251287007457e-08 -68.31930512554317 0.4001066390513266 -3.090203434249623e-05 0.0050048117294235256 0.00564107964011996 0.007729343552149284 0.003 10.0 120.38040933876871 09/11/2015
0.34 -1.8522780456094402e-08 -18.170847627428607 0.2999577595884864 -9.74525678334781e-06 0.004996654448517161 0.0056383605464845055 0.007732062645784739 0.003 10.0 44146.99065139774 09/11/2015
0.0 -3.122918776463281e-08 -30.635833197104787 0.3499370996876065 -1.4849015342432985e-05 0.006 0.006 0.006 0.003 10.0 24056.140408323034 09/11/2015
0.17 -3.335977975451847e-08 -32.72594393918261 0.3500383642094221 -1.570963359258725e-05 0.005303912029323558 0.005583298900366545 0.0068096101299566815 0.003 10.0 22623.89832938797 09/11/2015
0.34 -3.6634213442901154e-08 -35.938163387486036 0.3500477660056801 -1.70758644483572e-05 0.0049925758080639785 0.00563564145284905 0.007737500833055648 0.003 10.0 19419.515033055945 09/11/2015
0.17 -9.532844312421915e-09 -9.351720270485897 0.2500389251572408 -5.229772383678217e-06 0.005307990669776741 0.005577180939686771 0.0068096101299566815 0.003 10.0 72950.98660628828 09/11/2015
0.17 -5.371117208832015e-09 -5.269065981864205 0.19992543302940852 -3.162490870783217e-06 0.005307990669776741 0.005583978673775409 0.006815728090636454 0.003 10.0 99682.19178413737 09/11/2015
0.34 -5.64534639153064e-09 -5.538084810091556 0.1999579517979328 -3.3103238501148337e-06 0.005007530823058981 0.0056383605464845055 0.007733422192602466 0.003 10.0 97478.10485101644 09/11/2015
0.51 -1.1030606998167223e-08 -10.821025465202046 0.25003533093592645 -6.233362217782998e-06 0.005151642785738087 0.006065258247250916 0.008683745418193936 0.003 10.0 67443.0638871189 09/11/2015
