0.34 7.471462423422346e-08 73.2950463737732 0.4034797972833579 3.2745212608604935e-05 0.004999373542152616 0.00564107964011996 0.007738860379873376 0.003 21/07/2015
0.34 7.190544103582372e-08 70.53923765614306 0.40238479555828394 3.156968261006591e-05 0.0050007330889703435 0.005634281906031323 0.007725264911696101 0.003 21/07/2015
0.34 7.108703253187567e-08 69.73637891377004 0.3985685362636829 3.0102296669275525e-05 0.004996654448517161 0.0056383605464845055 0.007730703098967012 0.003 21/07/2015
0.34 7.16513441756737e-08 70.2899686363359 0.40164009669637224 3.144924522270953e-05 0.0050129690103298905 0.005653315561479507 0.007729343552149284 0.003 21/07/2015
0.34 7.211027231669566e-08 70.74017714267843 0.3985223306896372 3.0629661572612686e-05 0.0050048117294235256 0.005632922359213596 0.00774157947350883 0.003 21/07/2015
0.17 7.026942991644428e-08 68.93431074803183 0.4067762318729535 2.8237908609124616e-05 0.005307990669776741 0.005586017994001999 0.0068096101299566815 0.003 21/07/2015
0.17 7.180343739821387e-08 70.4391720876478 0.4105263966306698 3.135290906263816e-05 0.005303912029323558 0.005586697767410864 0.006814368543818728 0.003 21/07/2015
0.17 7.131705225998925e-08 69.96202826704945 0.4095419073821141 3.094699065351273e-05 0.005310709763412197 0.005581939353548817 0.0068177674108630465 0.003 21/07/2015
0.17 7.192706623573858e-08 70.56045197725955 0.40794785662168365 3.053167643156284e-05 0.00530595134955015 0.00558057980673109 0.0068096101299566815 0.003 21/07/2015
0.17 7.041104475805482e-08 69.07323490765178 0.4073231830855557 2.9811823033198126e-05 0.005299833388870376 0.005588057314228591 0.0068102899033655444 0.003 21/07/2015
0.0 7.079125344744153e-08 69.44621963194012 0.411012023578672 3.064490813551113e-05 0.006 0.006 0.006 0.003 11/08/2015
0.0 7.015892667176887e-08 68.82590706500525 0.4104972684323599 2.9622507668273022e-05 0.006 0.006 0.006 0.003 11/08/2015
0.0 7.183157108424738e-08 70.46677123364667 0.41348004300301633 3.119361014288597e-05 0.006 0.006 0.006 0.003 11/08/2015
0.0 6.950438986533424e-08 68.1838064578929 0.40902809591753425 2.9345098035987756e-05 0.006 0.006 0.006 0.003 11/08/2015
0.0 7.12646372725756e-08 69.91060916439667 0.40991346356253533 3.010100176248736e-05 0.006 0.006 0.006 0.003 11/08/2015
0.51 7.348835918826581e-08 72.09208036368877 0.3908255592118209 3.142727525157776e-05 0.005157760746417861 0.006059140286571143 0.008681706097967345 0.003 19/08/2015
0.51 7.3662320453698e-08 72.26273636507773 0.39198144329265927 3.254071064885889e-05 0.0051414461846051316 0.006063218927024325 0.00868986337887371 0.003 19/08/2015
0.51 7.358254252547479e-08 72.18447421749077 0.3909504269041913 3.158143432480915e-05 0.00515572142619127 0.006050983005664778 0.008704138620459847 0.003 19/08/2015
0.51 7.331775866256478e-08 71.92472124797605 0.3908131309945797 3.14427297908704e-05 0.005157760746417861 0.006057100966344552 0.008681706097967345 0.003 19/08/2015
0.51 7.458324998705564e-08 73.16616823730156 0.3914262659470989 3.184563939126596e-05 0.005182232589136955 0.006077494168610463 0.008695981339553483 0.003 19/08/2015
0.68 8.598998380823071e-08 84.35617411587432 0.3896137507076597 3.851482793438249e-05 0.005589416861046318 0.006663458847050983 0.009668057314228592 0.003 19/08/2015
0.68 8.844778426297712e-08 86.76727636198056 0.38960326727976624 3.933168768426609e-05 0.005600293235588138 0.006671616127957348 0.009668057314228592 0.003 19/08/2015
0.68 8.399185546186542e-08 82.39601020808998 0.3852182659137966 3.6230828929816285e-05 0.005575821392869044 0.006674335221592802 0.009665338220593135 0.003 19/08/2015
0.68 8.628259517643517e-08 84.6432258680829 0.38855045081094347 3.8570347105272976e-05 0.005583978673775409 0.006674335221592802 0.009662619126957681 0.003 19/08/2015
0.68 8.748993186228208e-08 85.82762315689871 0.3878750293311977 3.895767340678357e-05 0.005605731422859047 0.006663458847050983 0.009662619126957681 0.003 19/08/2015
0.34 7.154049630125317e-08 70.18122687152936 0.39981608345268893 3.058043315238034e-05 0.005006171276241253 0.005653315561479507 0.007736141286237921 0.003 13/08/2015
0.34 7.094795300617485e-08 69.59994189905751 0.4010186372995694 3.1384666332531527e-05 0.004996654448517161 0.005637000999666778 0.007730703098967012 0.003 13/08/2015
0.34 6.801728391050322e-08 66.72495551620365 0.3968229585144135 2.9015054176315248e-05 0.004996654448517161 0.005634281906031323 0.007736141286237921 0.003 13/08/2015
0.51 7.383831274834893e-08 72.43538480613029 0.3929745993485211 3.305950352810282e-05 0.005163878707097634 0.006083612129290236 0.008695981339553483 0.003 13/08/2015
0.51 7.480361678706985e-08 73.38234806811553 0.39435522943900986 3.3122233505100014e-05 0.005163878707097634 0.006069336887704099 0.008708217260913028 0.003 13/08/2015
0.34 7.03581346678395e-08 69.02133010915053 0.39734696498540684 3.0222244516379603e-05 0.0049925758080639785 0.0056302032655781405 0.007727984005331556 0.003 13/08/2015
0.0 7.23481493752297e-08 70.97353453710035 0.41192704011581116 3.15317247634494e-05 0.006 0.006 0.006 0.003 13/08/2015
0.0 6.773838962623163e-08 66.45136022333321 0.40791916237216247 2.8692408223323013e-05 0.006 0.006 0.006 0.003 13/08/2015
0.0 7.076161113416058e-08 69.41714052261155 0.4126144270049511 3.075310847541057e-05 0.006 0.006 0.006 0.003 13/08/2015
0.0 7.139118445477334e-08 70.03475195013264 0.41177771675470665 3.118212000503685e-05 0.006 0.006 0.006 0.003 13/08/2015
0.0 6.919743465192884e-08 67.88268339354218 0.40846902820954356 2.9441601603483703e-05 0.006 0.006 0.006 0.003 13/08/2015
0.17 7.129976894868296e-08 69.94507333865798 0.40948031756010866 3.120353331714835e-05 0.005309350216594468 0.005587377540819727 0.006811649450183272 0.003 19/08/2015
0.17 7.039319608124438e-08 69.05572535570073 0.40601061034459346 2.9949750937099962e-05 0.005309350216594468 0.005587377540819727 0.006812329223592136 0.003 19/08/2015
0.17 7.029040171671506e-08 68.95488408409747 0.4091315189805363 3.073633924694458e-05 0.005314788403865379 0.005582619126957681 0.00681504831722759 0.003 19/08/2015
0.17 6.875575076691933e-08 67.44939150234786 0.4050449860737886 2.9140788297782013e-05 0.005312749083638787 0.005583978673775409 0.006808930356547818 0.003 19/08/2015
0.17 7.086552469323544e-08 69.51907972406397 0.40829862829654945 3.116039798697307e-05 0.005310709763412197 0.005582619126957681 0.00681504831722759 0.003 19/08/2015
0.34 6.81134967529178e-08 66.81934031461238 0.39729627689711833 2.8996448604689818e-05 0.004991216261246252 0.005637000999666778 0.007726624458513828 0.003 13/08/2015
0.34 7.0765179647143e-08 69.4206412338473 0.3979635795723099 3.0151979380410348e-05 0.0050048117294235256 0.005649236921026325 0.007734781739420194 0.003 13/08/2015
0.51 7.540128926542262e-08 73.96866476937959 0.3944515547207501 3.347051990534662e-05 0.0051618393868710435 0.006073415528157281 0.008700059980006664 0.003 19/08/2015
0.34 6.931581021061418e-08 67.99880981661252 0.39762443533024816 2.963803770400261e-05 0.005006171276241253 0.00563564145284905 0.007733422192602466 0.003 13/08/2015
0.34 6.774564067648415e-08 66.45847350363098 0.3978299442128062 2.900829641133459e-05 0.005008890369876708 0.00563564145284905 0.007737500833055648 0.003 13/08/2015
0.51 7.555382766528624e-08 74.1183049396458 0.3918400123927831 3.252149179427783e-05 0.005167957347550816 0.006097887370876374 0.00869394201932689 0.003 19/08/2015
0.34 6.920635981381975e-08 67.89143897735718 0.40058255264688236 3.0652828227215635e-05 0.004999373542152616 0.005623405531489504 0.007730703098967012 0.003 13/08/2015
0.51 7.44079995254349e-08 72.99424753445165 0.39062140166357434 3.202236280619666e-05 0.005157760746417861 0.006057100966344552 0.008708217260913028 0.003 19/08/2015
0.51 7.46601151244678e-08 73.24157293710292 0.3929532028210663 3.312212021806857e-05 0.005165918027324226 0.006077494168610463 0.008681706097967345 0.003 19/08/2015
0.34 6.992481640808318e-08 68.59624489632961 0.3998747426379347 3.084977252202539e-05 0.0049925758080639785 0.005631562812395868 0.007740219926691103 0.003 13/08/2015
0.51 7.34676185344094e-08 72.07173378225562 0.39223221754234333 3.270930224335105e-05 0.005143485504831723 0.006065258247250916 0.00868986337887371 0.003 19/08/2015
0.34 6.871384388524595e-08 67.40828085142627 0.3978310095611494 2.9338663374138464e-05 0.005003452182605799 0.0056261246251249585 0.007733422192602466 0.003 13/08/2015
0.34 7.00861799992659e-08 68.75454257927984 0.3979871936801202 2.991512604229421e-05 0.005006171276241253 0.005645158280573142 0.007733422192602466 0.003 13/08/2015
0.34 7.114787979208838e-08 69.79607007603869 0.40244734787120523 3.157048285579501e-05 0.004998013995334888 0.0056383605464845055 0.007736141286237921 0.003 13/08/2015
0.34 7.015386423480998e-08 68.82094081434859 0.4003895396476708 3.096548151797332e-05 0.0050048117294235256 0.0056424391869376875 0.007732062645784739 0.003 13/08/2015
0.68 7.610019450185554e-08 74.65429080632026 0.3780893470725401 3.3703204823034936e-05 0.005594855048317228 0.006666177940686437 0.009665338220593135 0.003 20/08/2015
0.68 7.721594671395545e-08 75.74884372639029 0.3787923114469388 3.542377060522016e-05 0.005594855048317228 0.006663458847050983 0.0096734955014995 0.003 20/08/2015
0.68 7.79934722041828e-08 76.51159623230333 0.380275459788762 3.582559249113182e-05 0.005603012329223593 0.006663458847050983 0.009662619126957681 0.003 20/08/2015
0.68 7.601109203710623e-08 74.56688128840123 0.3787146103382634 3.4628533937045484e-05 0.005605731422859047 0.0066770543152282575 0.009662619126957681 0.003 20/08/2015
0.68 7.302918557611059e-08 71.64163105016449 0.3785152235501163 3.3434993294768206e-05 0.005578540486504499 0.006658020659780073 0.009665338220593135 0.003 20/08/2015
0.51 6.20103754294611e-08 60.83217829630135 0.38103896741117693 2.7361938058261593e-05 0.005151642785738087 0.006061179606797734 0.008704138620459847 0.003 21/07/2015
0.51 6.277309518466887e-08 61.58040637616017 0.3806386879742152 2.761703233235348e-05 0.005157760746417861 0.006055061646117962 0.008685784738420526 0.003 21/07/2015
0.51 6.38189383178734e-08 62.606378489833794 0.38139076670430117 2.8192295098768403e-05 0.005157760746417861 0.006055061646117962 0.008702099300233256 0.003 21/07/2015
0.51 6.160587274140783e-08 60.4353611593211 0.37996689093381003 2.718622067244676e-05 0.005159800066644452 0.006061179606797734 0.008681706097967345 0.003 21/07/2015
0.51 6.203902047781235e-08 60.86027908873394 0.3796554412903897 2.7330518539853025e-05 0.005143485504831723 0.006046904365211596 0.00869394201932689 0.003 21/07/2015
0.68 7.344759353861355e-08 72.05208926137988 0.3789355186800532 3.64575644143947e-05 0.005611169610129956 0.006687930689770077 0.009676214595134956 0.003 21/07/2015
0.34 6.308142426610115e-08 61.882877205045226 0.3899329369374692 2.749217820127676e-05 0.004991216261246252 0.005615248250583139 0.007723905364878374 0.003 13/08/2015
0.34 6.337035982724488e-08 62.166322990527235 0.39005768067558944 2.750768588049958e-05 0.00500209263578807 0.0056424391869376875 0.007736141286237921 0.003 13/08/2015
0.34 6.380936273951566e-08 62.596984847464846 0.39139262612682185 2.7698315137478953e-05 0.004989856714428523 0.005622045984671776 0.007734781739420194 0.003 13/08/2015
0.34 6.220232828237916e-08 61.020484045013944 0.39027958956583814 2.6994425871282595e-05 0.004996654448517161 0.005639720093302232 0.007722545818060647 0.003 13/08/2015
0.34 6.313756992600676e-08 61.937956097412616 0.39018795511236604 2.7459474722100364e-05 0.00500209263578807 0.005632922359213596 0.007718467177607465 0.003 13/08/2015
0.34 6.326689647787551e-08 62.06482544479588 0.3913293756069025 2.7637306773483298e-05 0.004985778073975341 0.005639720093302232 0.007734781739420194 0.003 13/08/2015
0.17 6.296737348694897e-08 61.77099339069694 0.3983792589414048 2.7227363757011934e-05 0.005315468177274242 0.005592135954681773 0.0068096101299566815 0.003 13/08/2015
0.34 6.229903318940887e-08 61.11535155881009 0.3890348455989545 2.71499356931731e-05 0.004996654448517161 0.0056302032655781405 0.007729343552149284 0.003 13/08/2015
0.17 6.3070329673293e-08 61.871993409500426 0.3987508610104126 2.726513373393976e-05 0.005305271576141287 0.005573102299233588 0.00681504831722759 0.003 13/08/2015
0.34 6.303132303320231e-08 61.833727895571464 0.39026073211196033 2.7530114854963687e-05 0.004995294901699434 0.0056424391869376875 0.007736141286237921 0.003 13/08/2015
0.17 6.36568100718073e-08 62.44733068044297 0.39757022599029307 2.7582195323895802e-05 0.005303232255914695 0.005583978673775409 0.006804171942685772 0.003 13/08/2015
0.17 6.29062646942546e-08 61.71104566506377 0.39779652680458544 2.7329467102078166e-05 0.005305271576141287 0.005581939353548817 0.006816407864045319 0.003 13/08/2015
0.34 6.221621735860719e-08 61.03410922879364 0.39082045190357456 2.717177193908288e-05 0.0050007330889703435 0.005632922359213596 0.007730703098967012 0.003 13/08/2015
0.34 6.262037479645532e-08 61.43058767532267 0.3902830113827399 2.7222463083673175e-05 0.0049925758080639785 0.0056383605464845055 0.007732062645784739 0.003 13/08/2015
0.17 6.271793515735976e-08 61.52629438936993 0.39709320231237955 2.7059589338951778e-05 0.005306631122959014 0.005585338220593135 0.006810969676774408 0.003 13/08/2015
0.0 6.252087203551901e-08 61.33297546684413 0.4000853179833775 2.691842502885113e-05 0.006 0.006 0.006 0.003 19/08/2015
0.0 6.152654038525777e-08 60.35753611793788 0.39891461865104333 2.659252500821445e-05 0.006 0.006 0.006 0.003 19/08/2015
0.0 6.3749834825814e-08 62.53858796412353 0.40466000434960936 2.8243251195981994e-05 0.006 0.006 0.006 0.003 19/08/2015
0.0 6.456514296556992e-08 63.33840524922408 0.4050239866399474 2.861190836261606e-05 0.006 0.006 0.006 0.003 19/08/2015
0.0 6.254029522678923e-08 61.35202961748023 0.40101577450644055 2.711726979889725e-05 0.006 0.006 0.006 0.003 19/08/2015
0.68 7.697106622362111e-08 75.5086159653723 0.38054593602569 3.538747276131012e-05 0.005594855048317228 0.006663458847050983 0.009659900033322226 0.003 13/08/2015
0.68 7.632149081133911e-08 74.87138248592368 0.3808481378788784 3.488300721875591e-05 0.005589416861046318 0.006658020659780073 0.009665338220593135 0.003 13/08/2015
0.68 7.723598924788209e-08 75.76850545217233 0.38187507600092463 3.5227044534756796e-05 0.005586697767410863 0.006671616127957348 0.009668057314228592 0.003 13/08/2015
0.68 7.376055590620034e-08 72.3591053439825 0.3775197874499699 3.260505363362716e-05 0.005627484171942686 0.0066852115961346225 0.00965718093968677 0.003 13/08/2015
0.68 7.676015128284524e-08 75.30170840847117 0.3804478791912877 3.508260896503259e-05 0.005603012329223593 0.006666177940686437 0.009668057314228592 0.003 13/08/2015
0.85 1.5511444545904995e-07 152.16727099532795 0.3958398461531125 6.991356803353795e-05 0.007825191602799066 0.008396201266244586 0.01072102632455848 0.003 07/09/2015
0.85 9.646621753433966e-08 94.6333594011872 0.37387802354456534 4.2504256837611995e-05 0.006129156947684106 0.007335754748417194 0.010656447850716429 0.003 07/09/2015
0.85 9.575933000342932e-08 93.93990273336416 0.37707983668266437 4.424031249530892e-05 0.006132555814728424 0.007328957014328556 0.01064965011662779 0.003 07/09/2015
0.85 1.4497920690939294e-07 142.22460197811446 0.3910128723546536 6.441151003776433e-05 0.007376541152949017 0.00809710096634455 0.010697234255248251 0.003 07/09/2015
0.85 9.65759646915786e-08 94.74102136243862 0.3753869494746685 4.418205912535786e-05 0.006139353548817062 0.007339153615461513 0.010642852382539153 0.003 07/09/2015
0.17 5.770709354732143e-08 56.61065876992232 0.3902009018676734 2.52888105217956e-05 0.005308670443185605 0.005577860713095635 0.00681504831722759 0.003 19/08/2015
0.17 5.696535158458596e-08 55.88300990447882 0.3895013141974368 2.487540889583661e-05 0.005302552482505832 0.005574461846051317 0.006815728090636454 0.003 19/08/2015
0.17 5.6527101538629e-08 55.453086609395065 0.3921923254190654 2.5720837569426217e-05 0.005304591802732423 0.005583978673775409 0.006815728090636454 0.003 19/08/2015
0.17 5.686141037930923e-08 55.78104358210234 0.39073738999676005 2.508618994948547e-05 0.005309350216594468 0.005581939353548817 0.006808930356547818 0.003 19/08/2015
0.17 5.518408128982745e-08 54.13558374532072 0.3906883127605739 2.490882214835087e-05 0.005309350216594468 0.005583978673775409 0.006812329223592136 0.003 19/08/2015
0.51 6.115045592963922e-08 59.98859726697607 0.3781497287346297 2.8194523731923127e-05 0.005139406864378541 0.006057100966344552 0.008683745418193936 0.003 20/08/2015
0.51 6.101703114177664e-08 59.857707550082885 0.37856755245985585 2.8005670648450484e-05 0.005151642785738087 0.006079533488837054 0.008704138620459847 0.003 20/08/2015
0.51 6.002638491493313e-08 58.8858836015494 0.37758368897955513 2.7672481588841555e-05 0.005180193268910363 0.006069336887704099 0.008695981339553483 0.003 20/08/2015
0.51 5.8919281376461504e-08 57.799815030308736 0.37680753268197736 2.6180304755238277e-05 0.00515572142619127 0.00607137620793069 0.008681706097967345 0.003 20/08/2015
0.51 6.03561262231241e-08 59.20935982488474 0.3783560572782646 2.7622397511579084e-05 0.00515572142619127 0.006061179606797734 0.008685784738420526 0.003 20/08/2015
0.0 5.72978156302911e-08 56.20915713331557 0.394654447922881 2.50491064844323e-05 0.006 0.006 0.006 0.003 23/08/2015
0.0 5.644088657938073e-08 55.368509734372495 0.3944757087722565 2.4708936806424235e-05 0.006 0.006 0.006 0.003 23/08/2015
0.34 5.7326559613959824e-08 56.23735498129459 0.38539618676301346 2.6130207326195215e-05 0.005006171276241253 0.005649236921026325 0.007734781739420194 0.003 23/08/2015
0.34 5.594456340929344e-08 54.881616704516865 0.3823584499253057 2.4702254500379347e-05 0.004995294901699434 0.005637000999666778 0.007737500833055648 0.003 23/08/2015
0.68 6.631385273536845e-08 65.05388953339644 0.3711693583194529 3.22804173314558e-05 0.005586697767410863 0.006674335221592802 0.009678933688770411 0.003 23/08/2015
0.68 6.548997858412645e-08 64.24566899102805 0.3703115683031288 3.174739727061024e-05 0.005592135954681773 0.006690649783405531 0.009676214595134956 0.003 23/08/2015
0.34 5.649210232185325e-08 55.41875237773803 0.3834243568414058 2.499701657296844e-05 0.00500209263578807 0.0056302032655781405 0.007729343552149284 0.003 23/08/2015
0.0 5.740425350088139e-08 56.31357268436466 0.39563466333335606 2.5950435315673117e-05 0.006 0.006 0.006 0.003 23/08/2015
0.0 5.712414019166276e-08 56.038781528021154 0.39388806439501894 2.508563368431283e-05 0.006 0.006 0.006 0.003 23/08/2015
0.34 5.843045926377095e-08 57.3202805377593 0.38635461610746386 2.6619304039785417e-05 0.005003452182605799 0.005632922359213596 0.007727984005331556 0.003 23/08/2015
0.0 5.8026687797358287e-08 56.92418072920847 0.39644653039397354 2.616786111549748e-05 0.006 0.006 0.006 0.003 23/08/2015
0.68 6.894913231583252e-08 67.6390988018317 0.3727621239098874 3.470840554021806e-05 0.005608450516494502 0.006679773408863712 0.009676214595134956 0.003 23/08/2015
0.34 5.734187361992432e-08 56.252378021145745 0.38293914938924367 2.5267875076545602e-05 0.005015688103965345 0.0056383605464845055 0.007733422192602466 0.003 23/08/2015
0.68 6.572120934100844e-08 64.47250636352928 0.3685318958571037 3.184762524461354e-05 0.005616607797400867 0.006690649783405531 0.009668057314228592 0.003 23/08/2015
0.68 6.745654859548454e-08 66.17487417217032 0.3716706967498978 3.252146238074425e-05 0.005627484171942686 0.006701526157947351 0.009668057314228592 0.003 23/08/2015
0.85 1.4074671892846846e-07 138.07253126882756 0.3916502511116985 7.045271767737167e-05 0.007798000666444519 0.008402999000333223 0.010727824058647117 0.003 07/09/2015
0.85 8.692343010896342e-08 85.2718849368931 0.3656551157481439 4.187522064984563e-05 0.006156347884038655 0.007332355881372875 0.010639453515494834 0.003 07/09/2015
0.85 8.613401969397156e-08 84.49747331978611 0.3696218950786863 4.327147836201082e-05 0.006135954681772742 0.007335754748417194 0.010659846717760747 0.003 07/09/2015
0.85 1.304425497314129e-07 127.96414128651605 0.38842492753035207 6.558055026575398e-05 0.0075260913028990335 0.00817187604131956 0.010700633122292568 0.003 07/09/2015
0.85 8.478526046895012e-08 83.17434052004006 0.37118858914701397 4.281210376080298e-05 0.006149550149950017 0.007342552482505832 0.010632655781406198 0.003 07/09/2015
0.51 3.082947787034161e-08 30.243717790805118 0.3275183483140489 1.4946695318169427e-05 0.005169996667777408 0.006067297567477507 0.008691902699100302 0.003 20/08/2015
0.51 3.072923291805251e-08 30.145377492609505 0.32904016717136475 1.5416302990308894e-05 0.005143485504831723 0.006077494168610463 0.00869394201932689 0.003 20/08/2015
0.51 2.9770367417699494e-08 29.2047304367632 0.32535308966606014 1.4568121014262464e-05 0.005143485504831723 0.006055061646117962 0.008698020659780073 0.003 20/08/2015
0.51 3.039036899934206e-08 29.81295198835457 0.3268363288101021 1.4791547734938224e-05 0.005172035988003999 0.006063218927024325 0.008704138620459847 0.003 20/08/2015
0.51 3.0026794630375136e-08 29.456285532398006 0.32502183355133607 1.452815354149752e-05 0.005157760746417861 0.00607137620793069 0.008683745418193936 0.003 20/08/2015
0.0 3.000314440283002e-08 29.433084659176252 0.3445805458348352 1.4777231351804133e-05 0.006 0.006 0.006 0.003 21/08/2015
0.34 2.944106066671709e-08 28.881680514049464 0.3346750434660611 1.4658756406736245e-05 0.005008890369876708 0.005634281906031323 0.007732062645784739 0.003 21/08/2015
0.0 2.850761585430464e-08 27.96597115307285 0.3422543729732162 1.3656521546709589e-05 0.006 0.006 0.006 0.003 21/08/2015
0.34 2.8848348324813832e-08 28.300229706642373 0.334307621606376 1.4388128616090575e-05 0.004998013995334888 0.005632922359213596 0.007726624458513828 0.003 21/08/2015
0.17 2.887944072608174e-08 28.330731352286183 0.339972870413324 1.3813337362262454e-05 0.005307990669776741 0.005583298900366545 0.006811649450183272 0.003 21/08/2015
0.17 2.949366558152815e-08 28.933285935479113 0.3415785114889567 1.4602458721684993e-05 0.0053113895368210595 0.005592135954681773 0.00680757080973009 0.003 21/08/2015
0.34 2.924130435766555e-08 28.6857195748699 0.33500363755760554 1.4575376096689784e-05 0.0049884971676107965 0.00563564145284905 0.007729343552149284 0.003 21/08/2015
0.0 2.8726354200843042e-08 28.18055347102702 0.3436773785061932 1.3821787093364405e-05 0.006 0.006 0.006 0.003 21/08/2015
0.0 2.9266021821173593e-08 28.70996740657129 0.3431127114577286 1.447353453478264e-05 0.006 0.006 0.006 0.003 21/08/2015
0.34 2.8941163755712598e-08 28.39128164435406 0.3354151782958043 1.4482403407682023e-05 0.005006171276241253 0.0056302032655781405 0.007729343552149284 0.003 21/08/2015
0.17 2.92995189779951e-08 28.742828117413193 0.3418288262841657 1.4580488732959438e-05 0.005309350216594468 0.0055765011662779074 0.006817087637454183 0.003 21/08/2015
0.17 2.8610748445557988e-08 28.067144225092388 0.33887042090606495 1.3764177481279934e-05 0.005315468177274242 0.005586017994001999 0.0068096101299566815 0.003 21/08/2015
0.34 2.8491852390558968e-08 27.950507195138343 0.3326294918825508 1.371061617134777e-05 0.004991216261246252 0.0056138887037654114 0.007726624458513828 0.003 21/08/2015
0.0 2.894055645256573e-08 28.39068587996698 0.34336414847464686 1.3891025946151385e-05 0.006 0.006 0.006 0.003 21/08/2015
0.17 2.8722483189958053e-08 28.176756009348846 0.3390995839071522 1.3765699479814339e-05 0.0053113895368210595 0.005594855048317228 0.006813688770409864 0.003 21/08/2015
0.34 2.8938172086929823e-08 28.388346817278155 0.3342451962450201 1.3881360560077812e-05 0.004974901699433523 0.005637000999666778 0.007719826724425192 0.003 25/08/2015
0.34 2.9154886717070418e-08 28.600943869446084 0.3322643013686773 1.3929767160273175e-05 0.004995294901699434 0.00564107964011996 0.007734781739420194 0.003 25/08/2015
0.34 2.8865635505368084e-08 28.317188430766087 0.3332853162913505 1.3916742705723679e-05 0.0050048117294235256 0.005647877374208597 0.007745658113962013 0.003 25/08/2015
0.34 2.8715268003635117e-08 28.169677911566055 0.33152757033440056 1.3728563282255974e-05 0.004993935354881706 0.00563564145284905 0.007727984005331556 0.003 25/08/2015
0.34 2.9486003981137858e-08 28.925769905496235 0.332970224915697 1.4200877494903864e-05 0.004991216261246252 0.0056261246251249585 0.007732062645784739 0.003 25/08/2015
0.68 3.8683532989267746e-08 37.94854586247166 0.3334447543708231 2.0775017570712063e-05 0.005594855048317228 0.006671616127957348 0.009668057314228592 0.003 31/08/2015
0.68 4.001063081646042e-08 39.25042883094767 0.3331425269218095 2.1567133217363216e-05 0.005616607797400867 0.006682492502499168 0.009665338220593135 0.003 31/08/2015
0.68 3.914197546524805e-08 38.39827793140834 0.3316626910285132 2.0358726898026235e-05 0.005608450516494502 0.006663458847050983 0.009665338220593135 0.003 31/08/2015
0.68 3.9232325373672295e-08 38.48691119157252 0.33301211173397627 2.1214609598006938e-05 0.005605731422859047 0.006690649783405531 0.009670776407864045 0.003 31/08/2015
0.68 3.933801658180739e-08 38.59059426675305 0.3322712709805825 2.121704570065023e-05 0.0056138887037654114 0.0066770543152282575 0.009654461846051315 0.003 31/08/2015
0.68 4.062090973408067e-08 39.84911244913313 0.33391254713134566 2.1125466502126108e-05 0.005619326891036321 0.0066770543152282575 0.009670776407864045 0.003 31/08/2015
0.85 4.7216293581195655e-08 46.319184003152955 0.32933624491687147 2.5649572072645353e-05 0.006135954681772742 0.0073187604131956015 0.010636054648450516 0.003 07/09/2015
0.85 4.7385092557540346e-08 46.484775798947084 0.33088962685104906 2.5791837835727433e-05 0.006118960346551149 0.0073017660779740095 0.010632655781406198 0.003 07/09/2015
0.85 4.813492413684336e-08 47.22036057824333 0.33039652208559517 2.6114191492020555e-05 0.006146151282905699 0.007328957014328556 0.010632655781406198 0.003 07/09/2015
0.85 4.749149760417257e-08 46.58915914969329 0.3272211208286868 2.468461700638677e-05 0.006125758080639788 0.0073187604131956015 0.010646251249583473 0.003 07/09/2015
0.85 6.849610661792441e-08 67.19468059218384 0.3428143939903295 3.683304323912626e-05 0.007237187604131957 0.007991736087970677 0.010690436521159613 0.003 07/09/2015
