0.34 7.471462423422346e-08 73.2950463737732 0.4034797972833579 3.2745212608604935e-05 0.004999373542152616 0.00564107964011996 0.007738860379873376 0.003 21/07/2015
0.34 7.190544103582372e-08 70.53923765614306 0.40238479555828394 3.156968261006591e-05 0.0050007330889703435 0.005634281906031323 0.007725264911696101 0.003 21/07/2015
0.34 7.108703253187567e-08 69.73637891377004 0.3985685362636829 3.0102296669275525e-05 0.004996654448517161 0.0056383605464845055 0.007730703098967012 0.003 21/07/2015
0.34 7.16513441756737e-08 70.2899686363359 0.40164009669637224 3.144924522270953e-05 0.0050129690103298905 0.005653315561479507 0.007729343552149284 0.003 21/07/2015
0.34 7.211027231669566e-08 70.74017714267843 0.3985223306896372 3.0629661572612686e-05 0.0050048117294235256 0.005632922359213596 0.00774157947350883 0.003 21/07/2015
0.17 7.026942991644428e-08 68.93431074803183 0.4067762318729535 2.8237908609124616e-05 0.005307990669776741 0.005586017994001999 0.0068096101299566815 0.003 21/07/2015
0.17 7.180343739821387e-08 70.4391720876478 0.4105263966306698 3.135290906263816e-05 0.005303912029323558 0.005586697767410864 0.006814368543818728 0.003 21/07/2015
0.17 7.131705225998925e-08 69.96202826704945 0.4095419073821141 3.094699065351273e-05 0.005310709763412197 0.005581939353548817 0.0068177674108630465 0.003 21/07/2015
0.17 7.192706623573858e-08 70.56045197725955 0.40794785662168365 3.053167643156284e-05 0.00530595134955015 0.00558057980673109 0.0068096101299566815 0.003 21/07/2015
0.17 7.041104475805482e-08 69.07323490765178 0.4073231830855557 2.9811823033198126e-05 0.005299833388870376 0.005588057314228591 0.0068102899033655444 0.003 21/07/2015
0.0 7.079125344744153e-08 69.44621963194012 0.411012023578672 3.064490813551113e-05 0.006 0.006 0.006 0.003 11/08/2015
0.0 7.015892667176887e-08 68.82590706500525 0.4104972684323599 2.9622507668273022e-05 0.006 0.006 0.006 0.003 11/08/2015
0.0 7.183157108424738e-08 70.46677123364667 0.41348004300301633 3.119361014288597e-05 0.006 0.006 0.006 0.003 11/08/2015
0.0 6.950438986533424e-08 68.1838064578929 0.40902809591753425 2.9345098035987756e-05 0.006 0.006 0.006 0.003 11/08/2015
0.0 7.12646372725756e-08 69.91060916439667 0.40991346356253533 3.010100176248736e-05 0.006 0.006 0.006 0.003 11/08/2015
0.51 7.348835918826581e-08 72.09208036368877 0.3908255592118209 3.142727525157776e-05 0.005157760746417861 0.006059140286571143 0.008681706097967345 0.003 19/08/2015
0.51 7.3662320453698e-08 72.26273636507773 0.39198144329265927 3.254071064885889e-05 0.0051414461846051316 0.006063218927024325 0.00868986337887371 0.003 19/08/2015
0.51 7.358254252547479e-08 72.18447421749077 0.3909504269041913 3.158143432480915e-05 0.00515572142619127 0.006050983005664778 0.008704138620459847 0.003 19/08/2015
0.51 7.331775866256478e-08 71.92472124797605 0.3908131309945797 3.14427297908704e-05 0.005157760746417861 0.006057100966344552 0.008681706097967345 0.003 19/08/2015
0.51 7.458324998705564e-08 73.16616823730156 0.3914262659470989 3.184563939126596e-05 0.005182232589136955 0.006077494168610463 0.008695981339553483 0.003 19/08/2015
0.68 8.598998380823071e-08 84.35617411587432 0.3896137507076597 3.851482793438249e-05 0.005589416861046318 0.006663458847050983 0.009668057314228592 0.003 19/08/2015
0.68 8.844778426297712e-08 86.76727636198056 0.38960326727976624 3.933168768426609e-05 0.005600293235588138 0.006671616127957348 0.009668057314228592 0.003 19/08/2015
0.68 8.399185546186542e-08 82.39601020808998 0.3852182659137966 3.6230828929816285e-05 0.005575821392869044 0.006674335221592802 0.009665338220593135 0.003 19/08/2015
0.68 8.628259517643517e-08 84.6432258680829 0.38855045081094347 3.8570347105272976e-05 0.005583978673775409 0.006674335221592802 0.009662619126957681 0.003 19/08/2015
0.68 8.748993186228208e-08 85.82762315689871 0.3878750293311977 3.895767340678357e-05 0.005605731422859047 0.006663458847050983 0.009662619126957681 0.003 19/08/2015
