0.17 4.339820011018717e-09 4.25736343080936 0.1814157336352477 2.71048860552053e-06 0.00530051316227924 0.005582619126957681 0.006808250583138954 0.003 04/09/2015
0.17 4.375277237617031e-09 4.292146970102307 0.18258510892254742 2.7372662929613444e-06 0.005312749083638787 0.005587377540819727 0.006810969676774408 0.003 04/09/2015
0.17 4.338852005552035e-09 4.256413817446545 0.18182379330782558 2.7247868650791644e-06 0.005310709763412197 0.005588057314228591 0.006810969676774408 0.003 04/09/2015
0.17 4.263900376449263e-09 4.182886269296726 0.18106854150726903 2.5619928303787663e-06 0.005310709763412197 0.005581939353548817 0.0068096101299566815 0.003 04/09/2015
0.17 4.327742787370566e-09 4.245515674410524 0.18138574445065406 2.607013725105478e-06 0.005312749083638787 0.0055928157280906365 0.006811649450183272 0.003 04/09/2015
0.17 4.3243259234525325e-09 4.242163730906934 0.18181845719793524 2.6161674390449836e-06 0.005310709763412197 0.0055846584471842715 0.006812329223592136 0.003 04/09/2015
0.17 4.305507059496586e-09 4.223702425366151 0.18149040994454668 2.6933009509662253e-06 0.005299833388870376 0.00558057980673109 0.006816407864045319 0.003 04/09/2015
0.17 4.401280062619975e-09 4.317655741430195 0.18260159182088254 2.669298430165727e-06 0.005308670443185605 0.005590776407864046 0.0068055314895034994 0.003 04/09/2015
0.17 4.304111332791079e-09 4.222333217468047 0.18167427940730732 2.5953781760790064e-06 0.0053113895368210595 0.005577180939686771 0.006808930356547818 0.003 04/09/2015
0.17 4.246932822593716e-09 4.166241098964436 0.18201412303299402 2.574915543791131e-06 0.005306631122959014 0.0055846584471842715 0.006819806731089637 0.003 04/09/2015
