0.51 3.082947787034161e-08 30.243717790805118 0.3275183483140489 1.4946695318169427e-05 0.005169996667777408 0.006067297567477507 0.008691902699100302 0.003 20/08/2015
0.51 3.072923291805251e-08 30.145377492609505 0.32904016717136475 1.5416302990308894e-05 0.005143485504831723 0.006077494168610463 0.00869394201932689 0.003 20/08/2015
0.51 2.9770367417699494e-08 29.2047304367632 0.32535308966606014 1.4568121014262464e-05 0.005143485504831723 0.006055061646117962 0.008698020659780073 0.003 20/08/2015
0.51 3.039036899934206e-08 29.81295198835457 0.3268363288101021 1.4791547734938224e-05 0.005172035988003999 0.006063218927024325 0.008704138620459847 0.003 20/08/2015
0.51 3.0026794630375136e-08 29.456285532398006 0.32502183355133607 1.452815354149752e-05 0.005157760746417861 0.00607137620793069 0.008683745418193936 0.003 20/08/2015
0.0 3.000314440283002e-08 29.433084659176252 0.3445805458348352 1.4777231351804133e-05 0.006 0.006 0.006 0.003 21/08/2015
0.34 2.944106066671709e-08 28.881680514049464 0.3346750434660611 1.4658756406736245e-05 0.005008890369876708 0.005634281906031323 0.007732062645784739 0.003 21/08/2015
0.0 2.850761585430464e-08 27.96597115307285 0.3422543729732162 1.3656521546709589e-05 0.006 0.006 0.006 0.003 21/08/2015
0.34 2.8848348324813832e-08 28.300229706642373 0.334307621606376 1.4388128616090575e-05 0.004998013995334888 0.005632922359213596 0.007726624458513828 0.003 21/08/2015
0.17 2.887944072608174e-08 28.330731352286183 0.339972870413324 1.3813337362262454e-05 0.005307990669776741 0.005583298900366545 0.006811649450183272 0.003 21/08/2015
0.17 2.949366558152815e-08 28.933285935479113 0.3415785114889567 1.4602458721684993e-05 0.0053113895368210595 0.005592135954681773 0.00680757080973009 0.003 21/08/2015
0.34 2.924130435766555e-08 28.6857195748699 0.33500363755760554 1.4575376096689784e-05 0.0049884971676107965 0.00563564145284905 0.007729343552149284 0.003 21/08/2015
0.0 2.8726354200843042e-08 28.18055347102702 0.3436773785061932 1.3821787093364405e-05 0.006 0.006 0.006 0.003 21/08/2015
0.0 2.9266021821173593e-08 28.70996740657129 0.3431127114577286 1.447353453478264e-05 0.006 0.006 0.006 0.003 21/08/2015
0.34 2.8941163755712598e-08 28.39128164435406 0.3354151782958043 1.4482403407682023e-05 0.005006171276241253 0.0056302032655781405 0.007729343552149284 0.003 21/08/2015
0.17 2.92995189779951e-08 28.742828117413193 0.3418288262841657 1.4580488732959438e-05 0.005309350216594468 0.0055765011662779074 0.006817087637454183 0.003 21/08/2015
0.17 2.8610748445557988e-08 28.067144225092388 0.33887042090606495 1.3764177481279934e-05 0.005315468177274242 0.005586017994001999 0.0068096101299566815 0.003 21/08/2015
0.34 2.8491852390558968e-08 27.950507195138343 0.3326294918825508 1.371061617134777e-05 0.004991216261246252 0.0056138887037654114 0.007726624458513828 0.003 21/08/2015
0.0 2.894055645256573e-08 28.39068587996698 0.34336414847464686 1.3891025946151385e-05 0.006 0.006 0.006 0.003 21/08/2015
0.17 2.8722483189958053e-08 28.176756009348846 0.3390995839071522 1.3765699479814339e-05 0.0053113895368210595 0.005594855048317228 0.006813688770409864 0.003 21/08/2015
0.34 2.8938172086929823e-08 28.388346817278155 0.3342451962450201 1.3881360560077812e-05 0.004974901699433523 0.005637000999666778 0.007719826724425192 0.003 25/08/2015
0.34 2.9154886717070418e-08 28.600943869446084 0.3322643013686773 1.3929767160273175e-05 0.004995294901699434 0.00564107964011996 0.007734781739420194 0.003 25/08/2015
0.34 2.8865635505368084e-08 28.317188430766087 0.3332853162913505 1.3916742705723679e-05 0.0050048117294235256 0.005647877374208597 0.007745658113962013 0.003 25/08/2015
0.34 2.8715268003635117e-08 28.169677911566055 0.33152757033440056 1.3728563282255974e-05 0.004993935354881706 0.00563564145284905 0.007727984005331556 0.003 25/08/2015
0.34 2.9486003981137858e-08 28.925769905496235 0.332970224915697 1.4200877494903864e-05 0.004991216261246252 0.0056261246251249585 0.007732062645784739 0.003 25/08/2015
0.68 3.8683532989267746e-08 37.94854586247166 0.3334447543708231 2.0775017570712063e-05 0.005594855048317228 0.006671616127957348 0.009668057314228592 0.003 31/08/2015
0.68 4.001063081646042e-08 39.25042883094767 0.3331425269218095 2.1567133217363216e-05 0.005616607797400867 0.006682492502499168 0.009665338220593135 0.003 31/08/2015
0.68 3.914197546524805e-08 38.39827793140834 0.3316626910285132 2.0358726898026235e-05 0.005608450516494502 0.006663458847050983 0.009665338220593135 0.003 31/08/2015
0.68 3.9232325373672295e-08 38.48691119157252 0.33301211173397627 2.1214609598006938e-05 0.005605731422859047 0.006690649783405531 0.009670776407864045 0.003 31/08/2015
0.68 3.933801658180739e-08 38.59059426675305 0.3322712709805825 2.121704570065023e-05 0.0056138887037654114 0.0066770543152282575 0.009654461846051315 0.003 31/08/2015
0.68 4.062090973408067e-08 39.84911244913313 0.33391254713134566 2.1125466502126108e-05 0.005619326891036321 0.0066770543152282575 0.009670776407864045 0.003 31/08/2015
0.85 4.7216293581195655e-08 46.319184003152955 0.32933624491687147 2.5649572072645353e-05 0.006135954681772742 0.0073187604131956015 0.010636054648450516 0.003 07/09/2015
0.85 4.7385092557540346e-08 46.484775798947084 0.33088962685104906 2.5791837835727433e-05 0.006118960346551149 0.0073017660779740095 0.010632655781406198 0.003 07/09/2015
0.85 4.813492413684336e-08 47.22036057824333 0.33039652208559517 2.6114191492020555e-05 0.006146151282905699 0.007328957014328556 0.010632655781406198 0.003 07/09/2015
0.85 4.749149760417257e-08 46.58915914969329 0.3272211208286868 2.468461700638677e-05 0.006125758080639788 0.0073187604131956015 0.010646251249583473 0.003 07/09/2015
0.85 6.849610661792441e-08 67.19468059218384 0.3428143939903295 3.683304323912626e-05 0.007237187604131957 0.007991736087970677 0.010690436521159613 0.003 07/09/2015
