0.34 7.154049630125317e-08 70.18122687152936 0.39981608345268893 3.058043315238034e-05 0.005006171276241253 0.005653315561479507 0.007736141286237921 0.003 13/08/2015
0.34 7.094795300617485e-08 69.59994189905751 0.4010186372995694 3.1384666332531527e-05 0.004996654448517161 0.005637000999666778 0.007730703098967012 0.003 13/08/2015
0.34 6.801728391050322e-08 66.72495551620365 0.3968229585144135 2.9015054176315248e-05 0.004996654448517161 0.005634281906031323 0.007736141286237921 0.003 13/08/2015
0.51 7.383831274834893e-08 72.43538480613029 0.3929745993485211 3.305950352810282e-05 0.005163878707097634 0.006083612129290236 0.008695981339553483 0.003 13/08/2015
0.51 7.480361678706985e-08 73.38234806811553 0.39435522943900986 3.3122233505100014e-05 0.005163878707097634 0.006069336887704099 0.008708217260913028 0.003 13/08/2015
0.34 7.03581346678395e-08 69.02133010915053 0.39734696498540684 3.0222244516379603e-05 0.0049925758080639785 0.0056302032655781405 0.007727984005331556 0.003 13/08/2015
0.0 7.23481493752297e-08 70.97353453710035 0.41192704011581116 3.15317247634494e-05 0.006 0.006 0.006 0.003 13/08/2015
0.0 6.773838962623163e-08 66.45136022333321 0.40791916237216247 2.8692408223323013e-05 0.006 0.006 0.006 0.003 13/08/2015
0.0 7.076161113416058e-08 69.41714052261155 0.4126144270049511 3.075310847541057e-05 0.006 0.006 0.006 0.003 13/08/2015
0.0 7.139118445477334e-08 70.03475195013264 0.41177771675470665 3.118212000503685e-05 0.006 0.006 0.006 0.003 13/08/2015
0.0 6.919743465192884e-08 67.88268339354218 0.40846902820954356 2.9441601603483703e-05 0.006 0.006 0.006 0.003 13/08/2015
0.17 7.129976894868296e-08 69.94507333865798 0.40948031756010866 3.120353331714835e-05 0.005309350216594468 0.005587377540819727 0.006811649450183272 0.003 19/08/2015
0.17 7.039319608124438e-08 69.05572535570073 0.40601061034459346 2.9949750937099962e-05 0.005309350216594468 0.005587377540819727 0.006812329223592136 0.003 19/08/2015
0.17 7.029040171671506e-08 68.95488408409747 0.4091315189805363 3.073633924694458e-05 0.005314788403865379 0.005582619126957681 0.00681504831722759 0.003 19/08/2015
0.17 6.875575076691933e-08 67.44939150234786 0.4050449860737886 2.9140788297782013e-05 0.005312749083638787 0.005583978673775409 0.006808930356547818 0.003 19/08/2015
0.17 7.086552469323544e-08 69.51907972406397 0.40829862829654945 3.116039798697307e-05 0.005310709763412197 0.005582619126957681 0.00681504831722759 0.003 19/08/2015
0.34 6.81134967529178e-08 66.81934031461238 0.39729627689711833 2.8996448604689818e-05 0.004991216261246252 0.005637000999666778 0.007726624458513828 0.003 13/08/2015
0.34 7.0765179647143e-08 69.4206412338473 0.3979635795723099 3.0151979380410348e-05 0.0050048117294235256 0.005649236921026325 0.007734781739420194 0.003 13/08/2015
0.51 7.540128926542262e-08 73.96866476937959 0.3944515547207501 3.347051990534662e-05 0.0051618393868710435 0.006073415528157281 0.008700059980006664 0.003 19/08/2015
0.34 6.931581021061418e-08 67.99880981661252 0.39762443533024816 2.963803770400261e-05 0.005006171276241253 0.00563564145284905 0.007733422192602466 0.003 13/08/2015
0.34 6.774564067648415e-08 66.45847350363098 0.3978299442128062 2.900829641133459e-05 0.005008890369876708 0.00563564145284905 0.007737500833055648 0.003 13/08/2015
0.51 7.555382766528624e-08 74.1183049396458 0.3918400123927831 3.252149179427783e-05 0.005167957347550816 0.006097887370876374 0.00869394201932689 0.003 19/08/2015
0.34 6.920635981381975e-08 67.89143897735718 0.40058255264688236 3.0652828227215635e-05 0.004999373542152616 0.005623405531489504 0.007730703098967012 0.003 13/08/2015
0.51 7.44079995254349e-08 72.99424753445165 0.39062140166357434 3.202236280619666e-05 0.005157760746417861 0.006057100966344552 0.008708217260913028 0.003 19/08/2015
0.51 7.46601151244678e-08 73.24157293710292 0.3929532028210663 3.312212021806857e-05 0.005165918027324226 0.006077494168610463 0.008681706097967345 0.003 19/08/2015
0.34 6.992481640808318e-08 68.59624489632961 0.3998747426379347 3.084977252202539e-05 0.0049925758080639785 0.005631562812395868 0.007740219926691103 0.003 13/08/2015
0.51 7.34676185344094e-08 72.07173378225562 0.39223221754234333 3.270930224335105e-05 0.005143485504831723 0.006065258247250916 0.00868986337887371 0.003 19/08/2015
0.34 6.871384388524595e-08 67.40828085142627 0.3978310095611494 2.9338663374138464e-05 0.005003452182605799 0.0056261246251249585 0.007733422192602466 0.003 13/08/2015
0.34 7.00861799992659e-08 68.75454257927984 0.3979871936801202 2.991512604229421e-05 0.005006171276241253 0.005645158280573142 0.007733422192602466 0.003 13/08/2015
0.34 7.114787979208838e-08 69.79607007603869 0.40244734787120523 3.157048285579501e-05 0.004998013995334888 0.0056383605464845055 0.007736141286237921 0.003 13/08/2015
0.34 7.015386423480998e-08 68.82094081434859 0.4003895396476708 3.096548151797332e-05 0.0050048117294235256 0.0056424391869376875 0.007732062645784739 0.003 13/08/2015
0.68 7.610019450185554e-08 74.65429080632026 0.3780893470725401 3.3703204823034936e-05 0.005594855048317228 0.006666177940686437 0.009665338220593135 0.003 20/08/2015
0.68 7.721594671395545e-08 75.74884372639029 0.3787923114469388 3.542377060522016e-05 0.005594855048317228 0.006663458847050983 0.0096734955014995 0.003 20/08/2015
0.68 7.79934722041828e-08 76.51159623230333 0.380275459788762 3.582559249113182e-05 0.005603012329223593 0.006663458847050983 0.009662619126957681 0.003 20/08/2015
0.68 7.601109203710623e-08 74.56688128840123 0.3787146103382634 3.4628533937045484e-05 0.005605731422859047 0.0066770543152282575 0.009662619126957681 0.003 20/08/2015
0.68 7.302918557611059e-08 71.64163105016449 0.3785152235501163 3.3434993294768206e-05 0.005578540486504499 0.006658020659780073 0.009665338220593135 0.003 20/08/2015
