0.17 5.770709354732143e-08 56.61065876992232 0.3902009018676734 2.52888105217956e-05 0.005308670443185605 0.005577860713095635 0.00681504831722759 0.003 19/08/2015
0.17 5.696535158458596e-08 55.88300990447882 0.3895013141974368 2.487540889583661e-05 0.005302552482505832 0.005574461846051317 0.006815728090636454 0.003 19/08/2015
0.17 5.6527101538629e-08 55.453086609395065 0.3921923254190654 2.5720837569426217e-05 0.005304591802732423 0.005583978673775409 0.006815728090636454 0.003 19/08/2015
0.17 5.686141037930923e-08 55.78104358210234 0.39073738999676005 2.508618994948547e-05 0.005309350216594468 0.005581939353548817 0.006808930356547818 0.003 19/08/2015
0.17 5.518408128982745e-08 54.13558374532072 0.3906883127605739 2.490882214835087e-05 0.005309350216594468 0.005583978673775409 0.006812329223592136 0.003 19/08/2015
0.51 6.115045592963922e-08 59.98859726697607 0.3781497287346297 2.8194523731923127e-05 0.005139406864378541 0.006057100966344552 0.008683745418193936 0.003 20/08/2015
0.51 6.101703114177664e-08 59.857707550082885 0.37856755245985585 2.8005670648450484e-05 0.005151642785738087 0.006079533488837054 0.008704138620459847 0.003 20/08/2015
0.51 6.002638491493313e-08 58.8858836015494 0.37758368897955513 2.7672481588841555e-05 0.005180193268910363 0.006069336887704099 0.008695981339553483 0.003 20/08/2015
0.51 5.8919281376461504e-08 57.799815030308736 0.37680753268197736 2.6180304755238277e-05 0.00515572142619127 0.00607137620793069 0.008681706097967345 0.003 20/08/2015
0.51 6.03561262231241e-08 59.20935982488474 0.3783560572782646 2.7622397511579084e-05 0.00515572142619127 0.006061179606797734 0.008685784738420526 0.003 20/08/2015
0.0 5.72978156302911e-08 56.20915713331557 0.394654447922881 2.50491064844323e-05 0.006 0.006 0.006 0.003 23/08/2015
0.0 5.644088657938073e-08 55.368509734372495 0.3944757087722565 2.4708936806424235e-05 0.006 0.006 0.006 0.003 23/08/2015
0.34 5.7326559613959824e-08 56.23735498129459 0.38539618676301346 2.6130207326195215e-05 0.005006171276241253 0.005649236921026325 0.007734781739420194 0.003 23/08/2015
0.34 5.594456340929344e-08 54.881616704516865 0.3823584499253057 2.4702254500379347e-05 0.004995294901699434 0.005637000999666778 0.007737500833055648 0.003 23/08/2015
0.68 6.631385273536845e-08 65.05388953339644 0.3711693583194529 3.22804173314558e-05 0.005586697767410863 0.006674335221592802 0.009678933688770411 0.003 23/08/2015
0.68 6.548997858412645e-08 64.24566899102805 0.3703115683031288 3.174739727061024e-05 0.005592135954681773 0.006690649783405531 0.009676214595134956 0.003 23/08/2015
0.34 5.649210232185325e-08 55.41875237773803 0.3834243568414058 2.499701657296844e-05 0.00500209263578807 0.0056302032655781405 0.007729343552149284 0.003 23/08/2015
0.0 5.740425350088139e-08 56.31357268436466 0.39563466333335606 2.5950435315673117e-05 0.006 0.006 0.006 0.003 23/08/2015
0.0 5.712414019166276e-08 56.038781528021154 0.39388806439501894 2.508563368431283e-05 0.006 0.006 0.006 0.003 23/08/2015
0.34 5.843045926377095e-08 57.3202805377593 0.38635461610746386 2.6619304039785417e-05 0.005003452182605799 0.005632922359213596 0.007727984005331556 0.003 23/08/2015
0.0 5.8026687797358287e-08 56.92418072920847 0.39644653039397354 2.616786111549748e-05 0.006 0.006 0.006 0.003 23/08/2015
0.68 6.894913231583252e-08 67.6390988018317 0.3727621239098874 3.470840554021806e-05 0.005608450516494502 0.006679773408863712 0.009676214595134956 0.003 23/08/2015
0.34 5.734187361992432e-08 56.252378021145745 0.38293914938924367 2.5267875076545602e-05 0.005015688103965345 0.0056383605464845055 0.007733422192602466 0.003 23/08/2015
0.68 6.572120934100844e-08 64.47250636352928 0.3685318958571037 3.184762524461354e-05 0.005616607797400867 0.006690649783405531 0.009668057314228592 0.003 23/08/2015
0.68 6.745654859548454e-08 66.17487417217032 0.3716706967498978 3.252146238074425e-05 0.005627484171942686 0.006701526157947351 0.009668057314228592 0.003 23/08/2015
0.85 1.4074671892846846e-07 138.07253126882756 0.3916502511116985 7.045271767737167e-05 0.007798000666444519 0.008402999000333223 0.010727824058647117 0.003 07/09/2015
0.85 8.692343010896342e-08 85.2718849368931 0.3656551157481439 4.187522064984563e-05 0.006156347884038655 0.007332355881372875 0.010639453515494834 0.003 07/09/2015
0.85 8.613401969397156e-08 84.49747331978611 0.3696218950786863 4.327147836201082e-05 0.006135954681772742 0.007335754748417194 0.010659846717760747 0.003 07/09/2015
0.85 1.304425497314129e-07 127.96414128651605 0.38842492753035207 6.558055026575398e-05 0.0075260913028990335 0.00817187604131956 0.010700633122292568 0.003 07/09/2015
0.85 8.478526046895012e-08 83.17434052004006 0.37118858914701397 4.281210376080298e-05 0.006149550149950017 0.007342552482505832 0.010632655781406198 0.003 07/09/2015
