0.51 6.20103754294611e-08 60.83217829630135 0.38103896741117693 2.7361938058261593e-05 0.005151642785738087 0.006061179606797734 0.008704138620459847 0.003 21/07/2015
0.51 6.277309518466887e-08 61.58040637616017 0.3806386879742152 2.761703233235348e-05 0.005157760746417861 0.006055061646117962 0.008685784738420526 0.003 21/07/2015
0.51 6.38189383178734e-08 62.606378489833794 0.38139076670430117 2.8192295098768403e-05 0.005157760746417861 0.006055061646117962 0.008702099300233256 0.003 21/07/2015
0.51 6.160587274140783e-08 60.4353611593211 0.37996689093381003 2.718622067244676e-05 0.005159800066644452 0.006061179606797734 0.008681706097967345 0.003 21/07/2015
0.51 6.203902047781235e-08 60.86027908873394 0.3796554412903897 2.7330518539853025e-05 0.005143485504831723 0.006046904365211596 0.00869394201932689 0.003 21/07/2015
0.68 7.344759353861355e-08 72.05208926137988 0.3789355186800532 3.64575644143947e-05 0.005611169610129956 0.006687930689770077 0.009676214595134956 0.003 21/07/2015
0.34 6.308142426610115e-08 61.882877205045226 0.3899329369374692 2.749217820127676e-05 0.004991216261246252 0.005615248250583139 0.007723905364878374 0.003 13/08/2015
0.34 6.337035982724488e-08 62.166322990527235 0.39005768067558944 2.750768588049958e-05 0.00500209263578807 0.0056424391869376875 0.007736141286237921 0.003 13/08/2015
0.34 6.380936273951566e-08 62.596984847464846 0.39139262612682185 2.7698315137478953e-05 0.004989856714428523 0.005622045984671776 0.007734781739420194 0.003 13/08/2015
0.34 6.220232828237916e-08 61.020484045013944 0.39027958956583814 2.6994425871282595e-05 0.004996654448517161 0.005639720093302232 0.007722545818060647 0.003 13/08/2015
0.34 6.313756992600676e-08 61.937956097412616 0.39018795511236604 2.7459474722100364e-05 0.00500209263578807 0.005632922359213596 0.007718467177607465 0.003 13/08/2015
0.34 6.326689647787551e-08 62.06482544479588 0.3913293756069025 2.7637306773483298e-05 0.004985778073975341 0.005639720093302232 0.007734781739420194 0.003 13/08/2015
0.17 6.296737348694897e-08 61.77099339069694 0.3983792589414048 2.7227363757011934e-05 0.005315468177274242 0.005592135954681773 0.0068096101299566815 0.003 13/08/2015
0.34 6.229903318940887e-08 61.11535155881009 0.3890348455989545 2.71499356931731e-05 0.004996654448517161 0.0056302032655781405 0.007729343552149284 0.003 13/08/2015
0.17 6.3070329673293e-08 61.871993409500426 0.3987508610104126 2.726513373393976e-05 0.005305271576141287 0.005573102299233588 0.00681504831722759 0.003 13/08/2015
0.34 6.303132303320231e-08 61.833727895571464 0.39026073211196033 2.7530114854963687e-05 0.004995294901699434 0.0056424391869376875 0.007736141286237921 0.003 13/08/2015
0.17 6.36568100718073e-08 62.44733068044297 0.39757022599029307 2.7582195323895802e-05 0.005303232255914695 0.005583978673775409 0.006804171942685772 0.003 13/08/2015
0.17 6.29062646942546e-08 61.71104566506377 0.39779652680458544 2.7329467102078166e-05 0.005305271576141287 0.005581939353548817 0.006816407864045319 0.003 13/08/2015
0.34 6.221621735860719e-08 61.03410922879364 0.39082045190357456 2.717177193908288e-05 0.0050007330889703435 0.005632922359213596 0.007730703098967012 0.003 13/08/2015
0.34 6.262037479645532e-08 61.43058767532267 0.3902830113827399 2.7222463083673175e-05 0.0049925758080639785 0.0056383605464845055 0.007732062645784739 0.003 13/08/2015
0.17 6.271793515735976e-08 61.52629438936993 0.39709320231237955 2.7059589338951778e-05 0.005306631122959014 0.005585338220593135 0.006810969676774408 0.003 13/08/2015
0.0 6.252087203551901e-08 61.33297546684413 0.4000853179833775 2.691842502885113e-05 0.006 0.006 0.006 0.003 19/08/2015
0.0 6.152654038525777e-08 60.35753611793788 0.39891461865104333 2.659252500821445e-05 0.006 0.006 0.006 0.003 19/08/2015
0.0 6.3749834825814e-08 62.53858796412353 0.40466000434960936 2.8243251195981994e-05 0.006 0.006 0.006 0.003 19/08/2015
0.0 6.456514296556992e-08 63.33840524922408 0.4050239866399474 2.861190836261606e-05 0.006 0.006 0.006 0.003 19/08/2015
0.0 6.254029522678923e-08 61.35202961748023 0.40101577450644055 2.711726979889725e-05 0.006 0.006 0.006 0.003 19/08/2015
0.68 7.697106622362111e-08 75.5086159653723 0.38054593602569 3.538747276131012e-05 0.005594855048317228 0.006663458847050983 0.009659900033322226 0.003 13/08/2015
0.68 7.632149081133911e-08 74.87138248592368 0.3808481378788784 3.488300721875591e-05 0.005589416861046318 0.006658020659780073 0.009665338220593135 0.003 13/08/2015
0.68 7.723598924788209e-08 75.76850545217233 0.38187507600092463 3.5227044534756796e-05 0.005586697767410863 0.006671616127957348 0.009668057314228592 0.003 13/08/2015
0.68 7.376055590620034e-08 72.3591053439825 0.3775197874499699 3.260505363362716e-05 0.005627484171942686 0.0066852115961346225 0.00965718093968677 0.003 13/08/2015
0.68 7.676015128284524e-08 75.30170840847117 0.3804478791912877 3.508260896503259e-05 0.005603012329223593 0.006666177940686437 0.009668057314228592 0.003 13/08/2015
0.85 1.5511444545904995e-07 152.16727099532795 0.3958398461531125 6.991356803353795e-05 0.007825191602799066 0.008396201266244586 0.01072102632455848 0.003 07/09/2015
0.85 9.646621753433966e-08 94.6333594011872 0.37387802354456534 4.2504256837611995e-05 0.006129156947684106 0.007335754748417194 0.010656447850716429 0.003 07/09/2015
0.85 9.575933000342932e-08 93.93990273336416 0.37707983668266437 4.424031249530892e-05 0.006132555814728424 0.007328957014328556 0.01064965011662779 0.003 07/09/2015
0.85 1.4497920690939294e-07 142.22460197811446 0.3910128723546536 6.441151003776433e-05 0.007376541152949017 0.00809710096634455 0.010697234255248251 0.003 07/09/2015
0.85 9.65759646915786e-08 94.74102136243862 0.3753869494746685 4.418205912535786e-05 0.006139353548817062 0.007339153615461513 0.010642852382539153 0.003 07/09/2015
