0.0001 1.016023548273601e-10 0.09967191008564025 0.25792993649072016
0.0002 3.893629308436141e-10 0.3819650351575854 0.30751101572190337
0.0003 7.686802467645999e-10 0.7540753220760724 0.3341742270542678
0.0005 1.8685360722894803e-09 1.8330338869159797 0.36066911822982434
0.0007 3.707554615452248e-09 3.6371110777586555 0.36536716578314077
0.0009 6.683371193297691e-09 6.556387140625035 0.37810193649812934
0.001 8.433933975949285e-09 8.27368923040625 0.3906680455719392
0.00125 1.1746372710508916e-08 11.523191629009247 0.3811534967853522
0.0015 1.671034528766631e-08 16.39284872720065 0.3836037572328527
0.00175 2.5032160832544757e-08 24.556549776726406 0.39295709525390027
0.002 2.8720166110485047e-08 28.174482954385834 0.3835890122986952
0.0025 4.860812082175504e-08 47.684566526141694 0.3817561536669556
0.003 7.279776469648744e-08 71.41460716725419 0.38592237038524924
0.004 1.2269031986130473e-07 120.35920378393992 0.39531912724999396
0.005 1.8212083134545388e-07 178.66053554989026 0.3842963918388567
