0.17 3.8415056717868e-08 37.68517064022851 0.36631450915875063 18/05/2015
0.17 3.882050407119555e-08 38.082914493842836 0.36603901630714253 18/05/2015
0.17 3.865804972662888e-08 37.92354678182294 0.3663194128519135 18/05/2015
0.68 4.537476077447426e-08 44.51264031975924 0.34376436110202446 18/05/2015
0.68 4.484358438011001e-08 43.99155627688792 0.34334191421667276 18/05/2015
0.68 4.546352587862682e-08 44.59971888693291 0.34264796125324243 18/05/2015
0.68 4.640461568321805e-08 45.5229279852369 0.3440142559934435 18/05/2015
0.51 3.9791539478794504e-08 39.03550022869741 0.3475509181595561 18/05/2015
0.34 3.871819631983825e-08 37.982550589761324 0.3581104718933708 18/05/2015
0.34 3.8111670833067966e-08 37.38754908723968 0.3572343945342301 18/05/2015
0.34 3.8229474075773665e-08 37.50311406833396 0.3567785599216712 18/05/2015
0.34 3.844781841317091e-08 37.717309863320665 0.35726423306158256 18/05/2015
0.51 3.953862060341886e-08 38.787386811953894 0.34736020556497105 18/05/2015
0.51 3.9694406610761996e-08 38.94021288515752 0.34802139219105765 18/05/2015
0.51 3.993519719766733e-08 39.17642845091166 0.3477707040995504 18/05/2015
0.51 3.964200315727818e-08 38.8888050972899 0.34651934145013946 18/05/2015
0.51 3.994503120238075e-08 39.18607560953552 0.34795076563789945 18/05/2015
0.51 3.946903968791128e-08 38.719127933840966 0.3470031821609795 18/05/2015
0.51 4.021157994945053e-08 39.44755993041098 0.3481872182138373 18/05/2015
0.25 3.8582158584832765e-08 37.84909757172095 0.36271150153030707 18/05/2015
0.25 3.8021894929374873e-08 37.29947892571675 0.3628983678832097 18/05/2015
0.25 3.82322223399553e-08 37.50581011549616 0.3627032173421478 18/05/2015
0.25 3.7989408912474357e-08 37.26761014313734 0.3613741029691642 18/05/2015
0.25 3.837566284156518e-08 37.64652524757544 0.36228079272527136 18/05/2015
0.42 3.8882866931362054e-08 38.14409245966617 0.3517299387915525 18/05/2015
0.0 3.801264178627071e-08 37.290401592331555 0.369022765959768 18/05/2015
0.0 3.7508444014750434e-08 36.79578357847017 0.3691095054138913 18/05/2015
0.0 3.789213242860643e-08 37.172181912462904 0.3694991645476056 18/05/2015
0.0 3.7508444014750434e-08 36.79578357847017 0.3691095054138913 18/05/2015
0.42 3.923565331305042e-08 38.49017590010247 0.3526793461209999 18/05/2015
0.07 3.796074466970518e-08 37.23949052098079 0.36877282233449693 18/05/2015
0.42 3.8233934856183116e-08 37.50749009391563 0.3519494398766583 18/05/2015
0.07 3.7762536722295265e-08 37.04504852457165 0.3680894692435528 18/05/2015
0.07 3.810870917071513e-08 37.38464369647155 0.3686739594177495 18/05/2015
0.12 3.827739826048688e-08 37.55012769353762 0.3672391915813229 18/05/2015
0.07 3.805225790024806e-08 37.329265000143344 0.3685418223267874 18/05/2015
0.12 3.7912393627626425e-08 37.19205814870152 0.36699640416333906 18/05/2015
0.12 3.798764866409941e-08 37.26588333948153 0.3679504607388187 18/05/2015
0.12 3.735071546486071e-08 36.64105187102835 0.3671524729769657 18/05/2015
0.12 3.803962056160204e-08 37.3168677709316 0.3680833370538255 18/05/2015
0.6 4.195801575548124e-08 41.160813456127094 0.3451802059398068 18/05/2015
0.6 4.215299591614261e-08 41.3520889937359 0.3447153536886097 18/05/2015
0.6 4.295800214278396e-08 42.141800102071066 0.34527370367933913 18/05/2015
0.6 4.175075130420439e-08 40.9574870294245 0.3443996292288144 18/05/2015
0.6 4.203031615542389e-08 41.23174014847082 0.34537213210736134 18/05/2015
0.17 3.8035396600786755e-08 37.31272406537182 0.3668646425336629 25/05/2015
0.17 3.810247718905522e-08 37.378530122463175 0.36552745212205556 25/05/2015
0.17 3.825041066021251e-08 37.52365285766848 0.3655236113449682 25/05/2015
0.42 3.906942054531255e-08 38.32710155495161 0.35433459917993976 25/05/2015
0.42 3.900384545698073e-08 38.2627723932981 0.35357145556388764 25/05/2015
0.42 3.964812052961476e-08 38.89480623955208 0.352342232917761 25/05/2015
0.05 3.78006408839607e-08 37.08242870716545 0.3686289005668789 25/05/2015
0.05 3.805620808404032e-08 37.33314013044356 0.36928660298541377 25/05/2015
0.05 3.83125889421282e-08 37.58464975222776 0.3689447830688714 25/05/2015
0.42 3.928072271984067e-08 38.5343889881637 0.35345307027840034 25/05/2015
0.05 3.8357230078445995e-08 37.628442706955525 0.3694504211433475 25/05/2015
0.42 3.843697156471848e-08 37.70666910498883 0.3523535288971408 25/05/2015
0.17 3.8357578573873295e-08 37.62878458096971 0.3659735662770934 25/05/2015
0.05 3.7436144704168656e-08 36.72485795478945 0.36779073156318853 25/05/2015
0.22 3.765689372387073e-08 36.94141274311719 0.3633064387982675 25/05/2015
0.22 3.846895360047932e-08 37.73804348207021 0.3635923265942622 25/05/2015
0.22 3.793879849943668e-08 37.217961327947386 0.36406793403135046 25/05/2015
0.22 3.809404263684795e-08 37.370255826747844 0.36395533464436974 25/05/2015
0.3 3.817364285140081e-08 37.4483436372242 0.3592433578001164 25/05/2015
0.51 4.0208311288895266e-08 39.44435337440625 0.3491299083288819 25/05/2015
0.3 3.7770949261786545e-08 37.0533012258126 0.3593767395249791 25/05/2015
0.3 3.733280857339626e-08 36.623485210501734 0.35879901801758496 25/05/2015
0.3 3.8317438326444287e-08 37.58940699824185 0.35853735880349225 25/05/2015
0.51 3.989251713194763e-08 39.13455930644062 0.34793497605644097 25/05/2015
0.51 3.9699870908466926e-08 38.94557336120605 0.34720759877791657 25/05/2015
0.51 3.9901023055274616e-08 39.142903617224405 0.34766866576588623 25/05/2015
0.0 3.7564936183416956e-08 36.85120239593203 0.36861571042765706 25/05/2015
0.0 3.800303016235491e-08 37.280972589270164 0.369118127205789 25/05/2015
0.0 3.7692495595155094e-08 36.97633817884715 0.36889125513691606 25/05/2015
0.17 3.832308081616895e-08 37.59494228066174 0.36626242227995803 25/05/2015
0.17 3.8393369031981946e-08 37.66389502037429 0.3668070979982075 25/05/2015
0.0 3.783643091043144e-08 37.117538723133244 0.36860872053801924 25/05/2015
0.17 3.814111938020216e-08 37.416438111978316 0.36615693719333103 25/05/2015
0.17 3.905922093397626e-08 38.31709573623071 0.36586027390600484 25/05/2015
0.17 3.846994872542646e-08 37.739019699643364 0.3669652001422307 25/05/2015
0.17 3.7655798559168375e-08 36.94033838654418 0.3652504129380165 25/05/2015
0.17 3.864919451666013e-08 37.91485982084358 0.3654911848118689 25/05/2015
0.34 3.885963652262637e-08 38.12130342869647 0.35785094711313886 25/05/2015
0.42 3.950714913788251e-08 38.75651330426274 0.35343996326675364 25/05/2015
0.34 3.888470257488605e-08 38.14589322596322 0.35803849746403305 25/05/2015
0.42 3.9244636862479356e-08 38.49898876209225 0.35280719370262753 25/05/2015
0.34 3.879632250039208e-08 38.059192372884624 0.35716820855417153 25/05/2015
0.34 3.845162385674188e-08 37.721043003463784 0.356521971735855 25/05/2015
0.34 3.911809586023276e-08 38.374852038888335 0.3576518358719294 25/05/2015
0.42 3.899246232255197e-08 38.251605538423476 0.3528972557891472 25/05/2015
0.42 3.9102183447770703e-08 38.359241962263056 0.3528496154894283 25/05/2015
0.34 3.838188736358177e-08 37.65263150367373 0.35716990669047943 25/05/2015
0.34 3.885362853328098e-08 38.11540959114865 0.35851300617258114 25/05/2015
0.34 3.842724349169002e-08 37.697125865347914 0.35733074965159084 25/05/2015
0.68 4.511008749339084e-08 44.25299583101641 0.34323834458977015 25/05/2015
0.68 4.491874163536119e-08 44.065285544289324 0.3415443646936888 25/05/2015
0.68 4.4252760674156655e-08 43.411958221347675 0.34317253788063573 25/05/2015
0.68 4.4653848955041694e-08 43.80542582489589 0.34289157308039014 25/05/2015
0.68 4.3895994550699876e-08 43.06197065423658 0.3421572012860203 25/05/2015
0.68 4.5473102129919984e-08 44.60911318945151 0.3437370101896236 25/05/2015
0.68 4.454995679403707e-08 43.70350761495037 0.34315530270761857 25/05/2015
0.68 4.484055203176007e-08 43.98858154315663 0.34361482363687806 25/05/2015
0.6 4.1995535797664136e-08 41.19762061750851 0.34451906658019305 25/05/2015
0.6 4.207328340402626e-08 41.27389101934975 0.3445054587017171 25/05/2015
0.6 4.235276689298619e-08 41.54806432201945 0.3439240668331241 25/05/2015
0.6 4.1495452894740325e-08 40.707039289740266 0.3434367658343157 25/05/2015
0.3 3.7782453235604526e-08 37.06458662412804 0.35815046933847555 25/05/2015
0.6 4.210787240913411e-08 41.307822833360554 0.3451092896053277 25/05/2015
0.6 4.217390036244173e-08 41.37259625555534 0.34365209433286464 25/05/2015
0.3 3.788310447703939e-08 37.16332549197564 0.3599470816797855 25/05/2015
0.6 4.1264522783749864e-08 40.48049685085862 0.3441515806324268 25/05/2015
0.3 3.777004649874339e-08 37.052415615267265 0.3586430669281093 25/05/2015
0.3 3.751782639911189e-08 36.804987697528766 0.35900308308806034 25/05/2015
0.3 3.770509663469211e-08 36.98869979863295 0.35955814530751345 25/05/2015
0.25 3.808884351347695e-08 37.365155486720894 0.36183622600471466 25/05/2015
0.25 3.779662224024785e-08 37.078486417683145 0.3612778477264913 25/05/2015
0.25 3.8496676491849725e-08 37.765239638504575 0.3629130312445021 25/05/2015
0.25 3.8331981132707483e-08 37.60367349118604 0.36294838757721 25/05/2015
0.3 3.8249437808118465e-08 37.52269848976421 0.35957138818135687 25/05/2015
0.0 3.783683395602507e-08 37.11793411086059 0.3687716895584943 25/05/2015
0.0 3.7496959522290374e-08 36.78451729136685 0.36886273668634134 25/05/2015
0.3 3.832181758554364e-08 37.593703051418316 0.3603298218861469 25/05/2015
0.25 3.8371709699285736e-08 37.642647214999315 0.36259433705024546 25/05/2015
0.0 3.7555624778073025e-08 36.84206790728963 0.3686986150753367 25/05/2015
0.3 3.8442740226635244e-08 37.71232816232918 0.36036757881364245 25/05/2015
0.0 3.8181194566138106e-08 37.45575186938148 0.3686813673059063 25/05/2015
0.12 3.781265315222032e-08 37.094212742328125 0.3672639012460422 25/05/2015
0.12 3.803792787539245e-08 37.31520724575999 0.3677913185202683 25/05/2015
0.05 3.795287781003437e-08 37.23177313164371 0.3689047088601736 25/05/2015
0.12 3.761754069520502e-08 36.90280742199612 0.3672434935359127 25/05/2015
0.25 3.822076443338452e-08 37.494569909150215 0.36202905198063967 25/05/2015
0.12 3.746765702890841e-08 36.75577154535916 0.3664944330824364 25/05/2015
0.25 3.873415499052643e-08 37.99820604570643 0.362461820081077 25/05/2015
0.05 3.7810589507362794e-08 37.092188306722896 0.3688412353065656 25/05/2015
0.05 3.819344146367814e-08 37.467766075868255 0.3690784889591115 25/05/2015
0.12 3.7973692948766985e-08 37.252192782740416 0.36806633809133354 25/05/2015
0.12 3.8187192532761415e-08 37.46163587463896 0.3670696708642116 25/05/2015
0.05 3.8137285483472994e-08 37.412677059287006 0.3684790597872452 25/05/2015
0.12 3.788083589900255e-08 37.16110001692151 0.3671771537746978 25/05/2015
0.05 3.822563010818167e-08 37.499343136126214 0.36971501250287664 25/05/2015
0.05 3.812896415654975e-08 37.404513837575315 0.36946065575326764 25/05/2015
0.22 3.8276049713628193e-08 37.54880476906926 0.364081468595771 25/05/2015
0.22 3.7711178065715857e-08 36.99466568246726 0.3632173438166686 25/05/2015
0.22 3.8177296887015086e-08 37.4519282461618 0.36361528829428175 25/05/2015
0.05 3.7868439885283866e-08 37.14893952746346 0.3691786272604001 25/05/2015
0.22 3.823597223282908e-08 37.50948876040533 0.3644811353355498 25/05/2015
0.22 3.8231000555245615e-08 37.50461154469595 0.36288313263973826 25/05/2015
0.22 3.862677625737906e-08 37.89286750848886 0.36468615047129854 25/05/2015
0.22 3.8642211400620644e-08 37.90800938400885 0.36461154835750875 25/05/2015
0.22 3.796431193325525e-08 37.2429900065234 0.36357946815090436 25/05/2015
0.07 3.7404133962286564e-08 36.69345541700312 0.3693684884367511 25/05/2015
0.07 3.7683958942260714e-08 36.96796372235776 0.3684751054702971 25/05/2015
0.07 3.7876356375410087e-08 37.1567056042773 0.36840477283353473 25/05/2015
0.07 3.8115317945318494e-08 37.39112690435745 0.36851450743736647 25/05/2015
0.07 3.7143487784170295e-08 36.43776151627106 0.367361145520202 25/05/2015
0.07 3.823143100358499e-08 37.50503381451687 0.36936351941154727 25/05/2015
0.07 3.7854915436456715e-08 37.13567204316404 0.3692574860205129 25/05/2015
0.07 3.81704408275488e-08 37.445202451825374 0.36826004033961923 25/05/2015
